

====== Исходные данные ======
30169.92933255879688658752 | 12458.97009871453337837011 | 29060.40968985282961511984 | 26504.08592031935768318363 | 14984.44964984128455398604 | 16502.46000571564945857972 | 30246.14539979107939871028 | 13038.99783065373594581615 | 12666.86370698527935019229 | 31093.70361065454926574603 | 11244.07061702987448370550 | 30800.94746724647848168388 | 12256.96203660477294761222 | 20616.36521948788140434772 | 20160.71970076769503066316 | 29415.28536591197917005047 | 12408.31999340851689339615 | 21301.54034584855980938300 | 14114.44429630559170618653 | 30874.84531564179269480519 | 30195.01327809546273783781 | 25829.70064423759322380647 | 26166.40328569100165623240 | 19353.10125474179949378595 | 28361.58361356007662834600 | 24445.14593754615634679794 | 22152.58946742421903763898 | 17394.20950116588210221380 | 17061.29163446382517577149 | 28232.97720779982410022058 | 22077.03471599256590707228 | 12342.89870763451290258672 | 11499.77353727988520404324 | 19544.39067911451274994761 | 27174.04783659657914540730 | 22279.46080191998044028878 | 31544.20588526514256955124 | 19382.00037994492595316842 | 11481.39244270237577438820 | 21721.99943015575627214275 | 30247.60661567602437571622 | 12613.08152878869987034705 | 30801.80840975003229686990 | 17463.61822076000316883437 | 31370.55868756955896969885 | 21392.20156963959016138688 | 29957.59941542946398840286 | 18523.89602088146421010606 | 29857.35005046687001595274 | 28300.24033660822169622406

====== Отсортированные данные ======
11244.07061702987448370550 | 11481.39244270237577438820 | 11499.77353727988520404324 | 12256.96203660477294761222 | 12342.89870763451290258672 | 12408.31999340851689339615 | 12458.97009871453337837011 | 12613.08152878869987034705 | 12666.86370698527935019229 | 13038.99783065373594581615 | 14114.44429630559170618653 | 14984.44964984128455398604 | 16502.46000571564945857972 | 17061.29163446382517577149 | 17394.20950116588210221380 | 17463.61822076000316883437 | 18523.89602088146421010606 | 19353.10125474179949378595 | 19382.00037994492595316842 | 19544.39067911451274994761 | 20160.71970076769503066316 | 20616.36521948788140434772 | 21301.54034584855980938300 | 21392.20156963959016138688 | 21721.99943015575627214275 | 22077.03471599256590707228 | 22152.58946742421903763898 | 22279.46080191998044028878 | 24445.14593754615634679794 | 25829.70064423759322380647 | 26166.40328569100165623240 | 26504.08592031935768318363 | 27174.04783659657914540730 | 28232.97720779982410022058 | 28300.24033660822169622406 | 28361.58361356007662834600 | 29060.40968985282961511984 | 29415.28536591197917005047 | 29857.35005046687001595274 | 29957.59941542946398840286 | 30169.92933255879688658752 | 30195.01327809546273783781 | 30246.14539979107939871028 | 30247.60661567602437571622 | 30800.94746724647848168388 | 30801.80840975003229686990 | 30874.84531564179269480519 | 31093.70361065454926574603 | 31370.55868756955896969885 | 31544.20588526514256955124
=== Время выполнения ===
+-----------------------------------------------------------------+
| ===Генерация                                                    |
|      Начало: 21:32:20                                           |
|      Конец: 21:32:20                                            |
|      Длительность: 0.00001690000000000000 секунд                |
+-----------------------------------------------------------------+
+-----------------------------------------------------------------+
| ===Сортировка                                                   |
|      Начало: 21:32:20                                           |
|      Конец: 21:32:21                                            |
|      Длительность: 0.00002180000000000000 секунд                |
+-----------------------------------------------------------------+

